1 3
1 16
1 19
1 24
1 38
1 50
0 53
1 77
1 79
1 83
1 89
1 96
1 118
1 121
1 127
1 134
1 139
1 142
1 160
1 167
1 168
1 172
1 196
1 205
1 212
1 218
1 219
1 250
1 261
1 266
1 279
1 289
1 294
1 306
1 314
1 320
1 330
1 341
1 346
1 349
1 351
1 361
1 365
1 373
1 397
1 401
1 428
1 433
1 457
1 470
1 490
1 502
1 516
1 532
1 538
1 545
1 547
1 560
1 575
1 581
1 593
1 596
1 602
1 622
1 630
1 637
1 649
1 665
1 669
1 674
1 676
1 680
1 693
1 695
1 697
1 708
1 721
1 725
1 732
1 745
1 755
1 777
1 779
1 781
1 791
1 796
1 801
1 844
1 871
1 880
1 893
1 898
1 913
1 916
