0 0
0 2
0 13
1 15
0 17
0 18
0 28
0 39
0 40
0 45
0 63
0 66
0 85
0 95
0 113
0 118
0 127
0 158
0 165
0 190
0 202
0 218
0 225
0 226
0 236
0 266
0 269
0 282
1 284
1 287
1 307
1 309
1 327
0 343
0 375
1 390
1 397
0 418
1 421
1 423
1 424
1 431
1 435
0 480
1 482
1 503
1 507
1 516
1 517
1 525
0 533
0 551
0 552
1 554
1 557
1 561
1 570
1 572
0 582
1 584
1 598
0 604
0 607
1 615
1 617
1 641
0 666
1 676
0 679
1 682
1 684
1 690
1 699
1 703
1 707
0 718
0 724
1 761
0 767
1 773
1 789
1 802
1 827
0 834
0 848
0 858
0 871
0 872
0 874
0 875
0 885
0 899
1 909
1 922
1 924
0 929
1 938
0 942
1 943
1 964
0 985
1 996
1 1003
0 1010
1 1040
1 1053
